Br     0
S    3   1.00
      4.7218810              0.1072970
      2.2575550             -0.4338020
      0.3896080              0.7720430
S    1   1.00
      0.1471340              1.0000000
S    1   1.00
      0.0730000              1.0000000
P    3   1.00
      1.8969420             -0.1793950
      0.9108990              0.2637290
      0.3168550              0.6069520
P    1   1.00
      0.1095030              1.0000000
P    1   1.00
      0.0360970              1.0000000
P    1   1.00
      0.0180000              1.0000000
D    1   1.00
      0.3890000              1.0000000
****
