I     0
S    3   1.00
      2.1227650              1.1040280
      1.7704810             -1.5353260
      0.3130840              0.7516030
S    1   1.00
      0.1240710              1.0000000
S    1   1.00
      0.0620000              1.0000000
P    3   1.00
      2.4328870              0.4422320
      2.1372490             -0.5838090
      0.3145460              0.6266060
P    1   1.00
      0.1049450              1.0000000
P    1   1.00
      0.0326410              1.0000000
P    1   1.00
      0.0163000              1.0000000
D  1  1.00
   0.266       1.00
****
