P   0
 S   3  1.00
       6.72230800        -0.324550000E-01
       1.62406300         0.285056000
      0.331929000        -0.646914000
 S   1  1.00
      0.120819000          1.00000000
 S   1  1.00
      0.0604           1.00000000
 P   3  1.00
       1.28322100        -0.559620000E-01
      0.599725000         0.286363000
      0.227759000         0.552257000
 P   1  1.00
      0.844240000E-01      1.00000000
 P   1  1.00
      0.422000E-01      1.00000000
 D    1 1.00
  0.55000000  0.1000000000D+01
****
