Pt
 S  3  1.0
    16.559563     -.88494470
    13.892440      1.5011228
     5.8536080     -1.5529012
 S  1  1.0
     1.2873200      1.0000000
 S  1  1.0
      .60473200      1.0000000
 S  1  1.0
      .14278300      1.0000000
 S  1  1.0
      .50969000E-01  1.0000000
 S  1  1.0
      .15000000E-01  1.0000000
 S  1  1.0
      .07500000E-01  1.0000000
 P  2  1.0
     7.9251750      4.9530757
     7.3415380     -5.8982100
 P  2  1.0
     1.9125150      .30474250
     1.0715450      .71648940
 P  1  1.0
      .43791700      1.0000000
 P  1  1.0
      .93621000E-01  1.0000000
 P  1  1.0
      .27802000E-01  1.0000000
 P  1  1.0
      .13000000E-01  1.0000000
 D  4  1.0
     3.9395310     -.58264390
     3.5877770      .59225760
     1.2862310      .47369210
      .51981400      .57652020
 D  1  1.0
      .17471500      1.0000000
 D  1  1.0
      .50000000E-01  1.0000000
 D  1  1.0
      .25000000E-01  1.0000000
 F  1   1.0
    0.959333  1.00
****
