S   0
 S   3  1.00
       6.83351800        -0.438750000E-01
       2.07773800         0.319894000
      0.419121000        -0.661233000
 S   1  1.00
      0.153237000          1.00000000
 S   1  1.00
      0.0766200            1.00000000
 P   3  1.00
       1.81713900        -0.792270000E-01
      0.855070000         0.263671000
      0.312053000         0.580682000
 P   1  1.00
      0.101687000          1.00000000
 P   1  1.00
      0.298100000E-01      1.00000000
 P   1  1.00
      0.014900             1.00000000
 D   1  1.00
      0.49810406           1.0000
****
